image: /home/mic-710aix/catkin_ws/src/medibotv4_ros/medibotv4/maps/test2.pgm
resolution: 0.050000
origin: [-100.000000, -100.000000, 0.000000]
negate: 0
occupied_thresh: 0.65
free_thresh: 0.196

